Analysing following parameters
 alpha: 0.2	 beta: 0.8
Analysing following parameters
 alpha: 0.2	 beta: 0.8
Analysing following parameters
 alpha: 0.2	 beta: 0.8
Analysing following parameters
 alpha: 0.2	 beta: 0.8
Not found: 24	[(62, 'supply'), (69, 'interpret'), (71, 'weave'), (95, 'interpret'), (112, 'select'), (154, 'investigate'), (175, 'convert'), (180, 'dye'), (204, 'test'), (208, 'exceed'), (270, 'exceed'), (284, 'bend'), (300, 'convert'), (311, 'concern'), (318, 'select'), (324, 'betray'), (345, 'merit'), (353, 'bias'), (358, 'encounter'), (367, 'bias'), (368, 'influence'), (387, 'identify'), (402, 'influence'), (414, 'identify')]
Level	 B2
 0.7160629034042358	288
[0.00016253248, 0.00017619458, 0.0001782679, 0.0004942493, 0.0005059875, 0.0015906563, 0.003727477, 0.003727477, 0.011246719, 0.029035112, 0.04455763, 0.06406983, 0.078942254, 0.111023426, 0.15331076, 0.15921965, 0.15921965, 0.16434662, 0.18179385, 0.18600766, 0.21415551, 0.22073022, 0.23723377, 0.25694418, 0.27038857, 0.2739775, 0.30883035, 0.3166662, 0.31848535, 0.32050946, 0.3375714, 0.34084693, 0.35185713, 0.3571304, 0.3606605, 0.37733507, 0.40669122, 0.41492963, 0.41568622, 0.41746095, 0.42387024, 0.4681943, 0.47203213, 0.47240412, 0.4781898, 0.50715464, 0.5197867, 0.523482, 0.5245151, 0.52909416, 0.53550875, 0.542771, 0.54755, 0.54876995, 0.54891455, 0.55143696, 0.5565892, 0.5585209, 0.5642563, 0.56693023, 0.5688969, 0.58179235, 0.58573985, 0.5866711, 0.58717567, 0.59024704, 0.59152883, 0.59152883, 0.59443516, 0.5993933, 0.601415, 0.601415, 0.6058971, 0.6060833, 0.6145339, 0.6149495, 0.61553776, 0.615918, 0.6191871, 0.61996084, 0.63190097, 0.6324959, 0.6357541, 0.6388438, 0.6421417, 0.6442526, 0.6457385, 0.6503536, 0.6547239, 0.6601646, 0.6615542, 0.6627053, 0.6656834, 0.66616434, 0.6710151, 0.6792238, 0.68020225, 0.6845934, 0.68618816, 0.6870941, 0.6898078, 0.6942003, 0.695831, 0.69618315, 0.7084352, 0.7143135, 0.72489566, 0.72526586, 0.73550254, 0.7369966, 0.74135184, 0.7488503, 0.7496157, 0.7500324, 0.7559121, 0.75609696, 0.75743216, 0.7607244, 0.7615455, 0.7628184, 0.7662143, 0.76690125, 0.77012414, 0.77519554, 0.77679026, 0.7790153, 0.78163, 0.78474295, 0.78488666, 0.7851572, 0.78582966, 0.78805166, 0.78879607, 0.7890845, 0.78972423, 0.7901231, 0.7911764, 0.7918394, 0.7920389, 0.7924425, 0.79356223, 0.79446304, 0.79669505, 0.8004742, 0.8015058, 0.8018014, 0.8020784, 0.8036697, 0.80628324, 0.808838, 0.81638896, 0.81639016, 0.81830066, 0.8191249, 0.821845, 0.8221763, 0.8224936, 0.8245196, 0.82519716, 0.82558817, 0.82569206, 0.82893217, 0.8312175, 0.8329709, 0.8373981, 0.8374074, 0.83862555, 0.83892614, 0.8392882, 0.84006876, 0.8417363, 0.84410983, 0.84433514, 0.84450924, 0.8459535, 0.8476288, 0.8498114, 0.8545602, 0.8546678, 0.8560363, 0.85899854, 0.8595826, 0.8624702, 0.86337423, 0.86400056, 0.8643448, 0.86611503, 0.8691308, 0.8710281, 0.871606, 0.87331736, 0.8745857, 0.8745857, 0.87706727, 0.87773323, 0.8777981, 0.88379765, 0.88524526, 0.88546866, 0.88546866, 0.8869816, 0.8900769, 0.89011866, 0.8911782, 0.8913419, 0.8919773, 0.8932455, 0.8932787, 0.89398044, 0.89425296, 0.89793026, 0.89993393, 0.9006996, 0.9022299, 0.90434796, 0.9044712, 0.90611804, 0.9061328, 0.9078019, 0.9078019, 0.90843844, 0.9084792, 0.9087155, 0.90927863, 0.9107901, 0.9109824, 0.91319007, 0.9150923, 0.9154993, 0.9157149, 0.9169059, 0.9181224, 0.91902375, 0.92217845, 0.92318875, 0.92500424, 0.9254843, 0.9255335, 0.9257012, 0.92644835, 0.9269457, 0.9274873, 0.92890894, 0.92962235, 0.9305111, 0.9330815, 0.9341318, 0.9343732, 0.93589807, 0.93619263, 0.9366385, 0.9371988, 0.93755466, 0.9380324, 0.9383216, 0.93864673, 0.9389472, 0.9397859, 0.9406298, 0.9406298, 0.9425717, 0.9427452, 0.9433202, 0.9453462, 0.94588566, 0.9474311, 0.9484943, 0.9488879, 0.95078266, 0.9527667, 0.9538759, 0.95471716, 0.95479375, 0.9575664, 0.9630663, 0.96441233, 0.9653388, 0.9657568, 0.97008497, 0.9704118, 0.97062546, 0.9707529, 0.97220355, 0.9739526, 0.9772364, 0.9804063, 0.98337686, 0.9870331]
Level	 C2
 0.7181300520896912	67
[0.013152799, 0.04071266, 0.14562535, 0.22566967, 0.39106587, 0.41306, 0.43359917, 0.44786322, 0.47923774, 0.51717204, 0.54768723, 0.55915487, 0.5960176, 0.6006589, 0.6109371, 0.6193199, 0.6522478, 0.6931799, 0.6931799, 0.6996445, 0.70047414, 0.7059613, 0.71734345, 0.7183061, 0.7189538, 0.719601, 0.72660685, 0.73365474, 0.7466088, 0.7482982, 0.7594809, 0.7632337, 0.77259964, 0.7727274, 0.77334017, 0.7749735, 0.77718663, 0.78086865, 0.79173434, 0.79664046, 0.80442256, 0.8056851, 0.8058215, 0.81001043, 0.81734204, 0.81974787, 0.83802545, 0.84314007, 0.86445284, 0.8704062, 0.87198615, 0.87964076, 0.87964076, 0.8806284, 0.88116, 0.88119525, 0.89033103, 0.8927813, 0.89497435, 0.91453093, 0.91453093, 0.92154413, 0.9268972, 0.93069166, 0.94869596, 0.96846783, 0.9801762]
Level	 C1
 0.7834262251853943	35
[0.30275673, 0.36046934, 0.46534324, 0.5317316, 0.5549235, 0.6279012, 0.6454419, 0.6678565, 0.6776027, 0.73291016, 0.75292414, 0.79070973, 0.8003915, 0.8009894, 0.80175155, 0.8090562, 0.80969614, 0.8213074, 0.8331077, 0.83625335, 0.84976983, 0.85407764, 0.8885485, 0.8918206, 0.89973664, 0.914468, 0.92189103, 0.9240527, 0.93682444, 0.9439177, 0.94416076, 0.94575495, 0.9487159, 0.95826995, 0.97478414]
========================================Analysing following parameters
 alpha: 0.3	 beta: 0.7
Not found: 24	[(62, 'supply'), (69, 'interpret'), (71, 'weave'), (95, 'interpret'), (112, 'select'), (154, 'investigate'), (175, 'convert'), (180, 'dye'), (204, 'test'), (208, 'exceed'), (270, 'exceed'), (284, 'bend'), (300, 'convert'), (311, 'concern'), (318, 'select'), (324, 'betray'), (345, 'merit'), (353, 'bias'), (358, 'encounter'), (367, 'bias'), (368, 'influence'), (387, 'identify'), (402, 'influence'), (414, 'identify')]
Level	 B2
 0.7160629034042358	288
[0.00016253248, 0.00017619458, 0.0001782679, 0.0004942493, 0.0005059875, 0.0015906563, 0.003727477, 0.003727477, 0.011246719, 0.029035112, 0.04455763, 0.06406983, 0.078942254, 0.111023426, 0.15331076, 0.15921965, 0.15921965, 0.16434662, 0.18179385, 0.18600766, 0.21415551, 0.22073022, 0.23723377, 0.25694418, 0.27038857, 0.2739775, 0.30883035, 0.3166662, 0.31848535, 0.32050946, 0.3375714, 0.34084693, 0.35185713, 0.3571304, 0.3606605, 0.37733507, 0.40669122, 0.41492963, 0.41568622, 0.41746095, 0.42387024, 0.4681943, 0.47203213, 0.47240412, 0.4781898, 0.50715464, 0.5197867, 0.523482, 0.5245151, 0.52909416, 0.53550875, 0.542771, 0.54755, 0.54876995, 0.54891455, 0.55143696, 0.5565892, 0.5585209, 0.5642563, 0.56693023, 0.5688969, 0.58179235, 0.58573985, 0.5866711, 0.58717567, 0.59024704, 0.59152883, 0.59152883, 0.59443516, 0.5993933, 0.601415, 0.601415, 0.6058971, 0.6060833, 0.6145339, 0.6149495, 0.61553776, 0.615918, 0.6191871, 0.61996084, 0.63190097, 0.6324959, 0.6357541, 0.6388438, 0.6421417, 0.6442526, 0.6457385, 0.6503536, 0.6547239, 0.6601646, 0.6615542, 0.6627053, 0.6656834, 0.66616434, 0.6710151, 0.6792238, 0.68020225, 0.6845934, 0.68618816, 0.6870941, 0.6898078, 0.6942003, 0.695831, 0.69618315, 0.7084352, 0.7143135, 0.72489566, 0.72526586, 0.73550254, 0.7369966, 0.74135184, 0.7488503, 0.7496157, 0.7500324, 0.7559121, 0.75609696, 0.75743216, 0.7607244, 0.7615455, 0.7628184, 0.7662143, 0.76690125, 0.77012414, 0.77519554, 0.77679026, 0.7790153, 0.78163, 0.78474295, 0.78488666, 0.7851572, 0.78582966, 0.78805166, 0.78879607, 0.7890845, 0.78972423, 0.7901231, 0.7911764, 0.7918394, 0.7920389, 0.7924425, 0.79356223, 0.79446304, 0.79669505, 0.8004742, 0.8015058, 0.8018014, 0.8020784, 0.8036697, 0.80628324, 0.808838, 0.81638896, 0.81639016, 0.81830066, 0.8191249, 0.821845, 0.8221763, 0.8224936, 0.8245196, 0.82519716, 0.82558817, 0.82569206, 0.82893217, 0.8312175, 0.8329709, 0.8373981, 0.8374074, 0.83862555, 0.83892614, 0.8392882, 0.84006876, 0.8417363, 0.84410983, 0.84433514, 0.84450924, 0.8459535, 0.8476288, 0.8498114, 0.8545602, 0.8546678, 0.8560363, 0.85899854, 0.8595826, 0.8624702, 0.86337423, 0.86400056, 0.8643448, 0.86611503, 0.8691308, 0.8710281, 0.871606, 0.87331736, 0.8745857, 0.8745857, 0.87706727, 0.87773323, 0.8777981, 0.88379765, 0.88524526, 0.88546866, 0.88546866, 0.8869816, 0.8900769, 0.89011866, 0.8911782, 0.8913419, 0.8919773, 0.8932455, 0.8932787, 0.89398044, 0.89425296, 0.89793026, 0.89993393, 0.9006996, 0.9022299, 0.90434796, 0.9044712, 0.90611804, 0.9061328, 0.9078019, 0.9078019, 0.90843844, 0.9084792, 0.9087155, 0.90927863, 0.9107901, 0.9109824, 0.91319007, 0.9150923, 0.9154993, 0.9157149, 0.9169059, 0.9181224, 0.91902375, 0.92217845, 0.92318875, 0.92500424, 0.9254843, 0.9255335, 0.9257012, 0.92644835, 0.9269457, 0.9274873, 0.92890894, 0.92962235, 0.9305111, 0.9330815, 0.9341318, 0.9343732, 0.93589807, 0.93619263, 0.9366385, 0.9371988, 0.93755466, 0.9380324, 0.9383216, 0.93864673, 0.9389472, 0.9397859, 0.9406298, 0.9406298, 0.9425717, 0.9427452, 0.9433202, 0.9453462, 0.94588566, 0.9474311, 0.9484943, 0.9488879, 0.95078266, 0.9527667, 0.9538759, 0.95471716, 0.95479375, 0.9575664, 0.9630663, 0.96441233, 0.9653388, 0.9657568, 0.97008497, 0.9704118, 0.97062546, 0.9707529, 0.97220355, 0.9739526, 0.9772364, 0.9804063, 0.98337686, 0.9870331]
Level	 C2
 0.7181300520896912	67
[0.013152799, 0.04071266, 0.14562535, 0.22566967, 0.39106587, 0.41306, 0.43359917, 0.44786322, 0.47923774, 0.51717204, 0.54768723, 0.55915487, 0.5960176, 0.6006589, 0.6109371, 0.6193199, 0.6522478, 0.6931799, 0.6931799, 0.6996445, 0.70047414, 0.7059613, 0.71734345, 0.7183061, 0.7189538, 0.719601, 0.72660685, 0.73365474, 0.7466088, 0.7482982, 0.7594809, 0.7632337, 0.77259964, 0.7727274, 0.77334017, 0.7749735, 0.77718663, 0.78086865, 0.79173434, 0.79664046, 0.80442256, 0.8056851, 0.8058215, 0.81001043, 0.81734204, 0.81974787, 0.83802545, 0.84314007, 0.86445284, 0.8704062, 0.87198615, 0.87964076, 0.87964076, 0.8806284, 0.88116, 0.88119525, 0.89033103, 0.8927813, 0.89497435, 0.91453093, 0.91453093, 0.92154413, 0.9268972, 0.93069166, 0.94869596, 0.96846783, 0.9801762]
Level	 C1
 0.7834262251853943	35
[0.30275673, 0.36046934, 0.46534324, 0.5317316, 0.5549235, 0.6279012, 0.6454419, 0.6678565, 0.6776027, 0.73291016, 0.75292414, 0.79070973, 0.8003915, 0.8009894, 0.80175155, 0.8090562, 0.80969614, 0.8213074, 0.8331077, 0.83625335, 0.84976983, 0.85407764, 0.8885485, 0.8918206, 0.89973664, 0.914468, 0.92189103, 0.9240527, 0.93682444, 0.9439177, 0.94416076, 0.94575495, 0.9487159, 0.95826995, 0.97478414]
========================================Analysing following parameters
 alpha: 0.4	 beta: 0.6
Not found: 24	[(62, 'supply'), (69, 'interpret'), (71, 'weave'), (95, 'interpret'), (112, 'select'), (154, 'investigate'), (175, 'convert'), (180, 'dye'), (204, 'test'), (208, 'exceed'), (270, 'exceed'), (284, 'bend'), (300, 'convert'), (311, 'concern'), (318, 'select'), (324, 'betray'), (345, 'merit'), (353, 'bias'), (358, 'encounter'), (367, 'bias'), (368, 'influence'), (387, 'identify'), (402, 'influence'), (414, 'identify')]
Level	 B2
 0.7160629034042358	288
[0.00016253248, 0.00017619458, 0.0001782679, 0.0004942493, 0.0005059875, 0.0015906563, 0.003727477, 0.003727477, 0.011246719, 0.029035112, 0.04455763, 0.06406983, 0.078942254, 0.111023426, 0.15331076, 0.15921965, 0.15921965, 0.16434662, 0.18179385, 0.18600766, 0.21415551, 0.22073022, 0.23723377, 0.25694418, 0.27038857, 0.2739775, 0.30883035, 0.3166662, 0.31848535, 0.32050946, 0.3375714, 0.34084693, 0.35185713, 0.3571304, 0.3606605, 0.37733507, 0.40669122, 0.41492963, 0.41568622, 0.41746095, 0.42387024, 0.4681943, 0.47203213, 0.47240412, 0.4781898, 0.50715464, 0.5197867, 0.523482, 0.5245151, 0.52909416, 0.53550875, 0.542771, 0.54755, 0.54876995, 0.54891455, 0.55143696, 0.5565892, 0.5585209, 0.5642563, 0.56693023, 0.5688969, 0.58179235, 0.58573985, 0.5866711, 0.58717567, 0.59024704, 0.59152883, 0.59152883, 0.59443516, 0.5993933, 0.601415, 0.601415, 0.6058971, 0.6060833, 0.6145339, 0.6149495, 0.61553776, 0.615918, 0.6191871, 0.61996084, 0.63190097, 0.6324959, 0.6357541, 0.6388438, 0.6421417, 0.6442526, 0.6457385, 0.6503536, 0.6547239, 0.6601646, 0.6615542, 0.6627053, 0.6656834, 0.66616434, 0.6710151, 0.6792238, 0.68020225, 0.6845934, 0.68618816, 0.6870941, 0.6898078, 0.6942003, 0.695831, 0.69618315, 0.7084352, 0.7143135, 0.72489566, 0.72526586, 0.73550254, 0.7369966, 0.74135184, 0.7488503, 0.7496157, 0.7500324, 0.7559121, 0.75609696, 0.75743216, 0.7607244, 0.7615455, 0.7628184, 0.7662143, 0.76690125, 0.77012414, 0.77519554, 0.77679026, 0.7790153, 0.78163, 0.78474295, 0.78488666, 0.7851572, 0.78582966, 0.78805166, 0.78879607, 0.7890845, 0.78972423, 0.7901231, 0.7911764, 0.7918394, 0.7920389, 0.7924425, 0.79356223, 0.79446304, 0.79669505, 0.8004742, 0.8015058, 0.8018014, 0.8020784, 0.8036697, 0.80628324, 0.808838, 0.81638896, 0.81639016, 0.81830066, 0.8191249, 0.821845, 0.8221763, 0.8224936, 0.8245196, 0.82519716, 0.82558817, 0.82569206, 0.82893217, 0.8312175, 0.8329709, 0.8373981, 0.8374074, 0.83862555, 0.83892614, 0.8392882, 0.84006876, 0.8417363, 0.84410983, 0.84433514, 0.84450924, 0.8459535, 0.8476288, 0.8498114, 0.8545602, 0.8546678, 0.8560363, 0.85899854, 0.8595826, 0.8624702, 0.86337423, 0.86400056, 0.8643448, 0.86611503, 0.8691308, 0.8710281, 0.871606, 0.87331736, 0.8745857, 0.8745857, 0.87706727, 0.87773323, 0.8777981, 0.88379765, 0.88524526, 0.88546866, 0.88546866, 0.8869816, 0.8900769, 0.89011866, 0.8911782, 0.8913419, 0.8919773, 0.8932455, 0.8932787, 0.89398044, 0.89425296, 0.89793026, 0.89993393, 0.9006996, 0.9022299, 0.90434796, 0.9044712, 0.90611804, 0.9061328, 0.9078019, 0.9078019, 0.90843844, 0.9084792, 0.9087155, 0.90927863, 0.9107901, 0.9109824, 0.91319007, 0.9150923, 0.9154993, 0.9157149, 0.9169059, 0.9181224, 0.91902375, 0.92217845, 0.92318875, 0.92500424, 0.9254843, 0.9255335, 0.9257012, 0.92644835, 0.9269457, 0.9274873, 0.92890894, 0.92962235, 0.9305111, 0.9330815, 0.9341318, 0.9343732, 0.93589807, 0.93619263, 0.9366385, 0.9371988, 0.93755466, 0.9380324, 0.9383216, 0.93864673, 0.9389472, 0.9397859, 0.9406298, 0.9406298, 0.9425717, 0.9427452, 0.9433202, 0.9453462, 0.94588566, 0.9474311, 0.9484943, 0.9488879, 0.95078266, 0.9527667, 0.9538759, 0.95471716, 0.95479375, 0.9575664, 0.9630663, 0.96441233, 0.9653388, 0.9657568, 0.97008497, 0.9704118, 0.97062546, 0.9707529, 0.97220355, 0.9739526, 0.9772364, 0.9804063, 0.98337686, 0.9870331]
Level	 C2
 0.7181300520896912	67
[0.013152799, 0.04071266, 0.14562535, 0.22566967, 0.39106587, 0.41306, 0.43359917, 0.44786322, 0.47923774, 0.51717204, 0.54768723, 0.55915487, 0.5960176, 0.6006589, 0.6109371, 0.6193199, 0.6522478, 0.6931799, 0.6931799, 0.6996445, 0.70047414, 0.7059613, 0.71734345, 0.7183061, 0.7189538, 0.719601, 0.72660685, 0.73365474, 0.7466088, 0.7482982, 0.7594809, 0.7632337, 0.77259964, 0.7727274, 0.77334017, 0.7749735, 0.77718663, 0.78086865, 0.79173434, 0.79664046, 0.80442256, 0.8056851, 0.8058215, 0.81001043, 0.81734204, 0.81974787, 0.83802545, 0.84314007, 0.86445284, 0.8704062, 0.87198615, 0.87964076, 0.87964076, 0.8806284, 0.88116, 0.88119525, 0.89033103, 0.8927813, 0.89497435, 0.91453093, 0.91453093, 0.92154413, 0.9268972, 0.93069166, 0.94869596, 0.96846783, 0.9801762]
Level	 C1
 0.7834262251853943	35
[0.30275673, 0.36046934, 0.46534324, 0.5317316, 0.5549235, 0.6279012, 0.6454419, 0.6678565, 0.6776027, 0.73291016, 0.75292414, 0.79070973, 0.8003915, 0.8009894, 0.80175155, 0.8090562, 0.80969614, 0.8213074, 0.8331077, 0.83625335, 0.84976983, 0.85407764, 0.8885485, 0.8918206, 0.89973664, 0.914468, 0.92189103, 0.9240527, 0.93682444, 0.9439177, 0.94416076, 0.94575495, 0.9487159, 0.95826995, 0.97478414]
========================================Analysing following parameters
 alpha: 0.5	 beta: 0.5
Not found: 24	[(62, 'supply'), (69, 'interpret'), (71, 'weave'), (95, 'interpret'), (112, 'select'), (154, 'investigate'), (175, 'convert'), (180, 'dye'), (204, 'test'), (208, 'exceed'), (270, 'exceed'), (284, 'bend'), (300, 'convert'), (311, 'concern'), (318, 'select'), (324, 'betray'), (345, 'merit'), (353, 'bias'), (358, 'encounter'), (367, 'bias'), (368, 'influence'), (387, 'identify'), (402, 'influence'), (414, 'identify')]
Level	 B2
 0.7160629034042358	288
[0.00016253248, 0.00017619458, 0.0001782679, 0.0004942493, 0.0005059875, 0.0015906563, 0.003727477, 0.003727477, 0.011246719, 0.029035112, 0.04455763, 0.06406983, 0.078942254, 0.111023426, 0.15331076, 0.15921965, 0.15921965, 0.16434662, 0.18179385, 0.18600766, 0.21415551, 0.22073022, 0.23723377, 0.25694418, 0.27038857, 0.2739775, 0.30883035, 0.3166662, 0.31848535, 0.32050946, 0.3375714, 0.34084693, 0.35185713, 0.3571304, 0.3606605, 0.37733507, 0.40669122, 0.41492963, 0.41568622, 0.41746095, 0.42387024, 0.4681943, 0.47203213, 0.47240412, 0.4781898, 0.50715464, 0.5197867, 0.523482, 0.5245151, 0.52909416, 0.53550875, 0.542771, 0.54755, 0.54876995, 0.54891455, 0.55143696, 0.5565892, 0.5585209, 0.5642563, 0.56693023, 0.5688969, 0.58179235, 0.58573985, 0.5866711, 0.58717567, 0.59024704, 0.59152883, 0.59152883, 0.59443516, 0.5993933, 0.601415, 0.601415, 0.6058971, 0.6060833, 0.6145339, 0.6149495, 0.61553776, 0.615918, 0.6191871, 0.61996084, 0.63190097, 0.6324959, 0.6357541, 0.6388438, 0.6421417, 0.6442526, 0.6457385, 0.6503536, 0.6547239, 0.6601646, 0.6615542, 0.6627053, 0.6656834, 0.66616434, 0.6710151, 0.6792238, 0.68020225, 0.6845934, 0.68618816, 0.6870941, 0.6898078, 0.6942003, 0.695831, 0.69618315, 0.7084352, 0.7143135, 0.72489566, 0.72526586, 0.73550254, 0.7369966, 0.74135184, 0.7488503, 0.7496157, 0.7500324, 0.7559121, 0.75609696, 0.75743216, 0.7607244, 0.7615455, 0.7628184, 0.7662143, 0.76690125, 0.77012414, 0.77519554, 0.77679026, 0.7790153, 0.78163, 0.78474295, 0.78488666, 0.7851572, 0.78582966, 0.78805166, 0.78879607, 0.7890845, 0.78972423, 0.7901231, 0.7911764, 0.7918394, 0.7920389, 0.7924425, 0.79356223, 0.79446304, 0.79669505, 0.8004742, 0.8015058, 0.8018014, 0.8020784, 0.8036697, 0.80628324, 0.808838, 0.81638896, 0.81639016, 0.81830066, 0.8191249, 0.821845, 0.8221763, 0.8224936, 0.8245196, 0.82519716, 0.82558817, 0.82569206, 0.82893217, 0.8312175, 0.8329709, 0.8373981, 0.8374074, 0.83862555, 0.83892614, 0.8392882, 0.84006876, 0.8417363, 0.84410983, 0.84433514, 0.84450924, 0.8459535, 0.8476288, 0.8498114, 0.8545602, 0.8546678, 0.8560363, 0.85899854, 0.8595826, 0.8624702, 0.86337423, 0.86400056, 0.8643448, 0.86611503, 0.8691308, 0.8710281, 0.871606, 0.87331736, 0.8745857, 0.8745857, 0.87706727, 0.87773323, 0.8777981, 0.88379765, 0.88524526, 0.88546866, 0.88546866, 0.8869816, 0.8900769, 0.89011866, 0.8911782, 0.8913419, 0.8919773, 0.8932455, 0.8932787, 0.89398044, 0.89425296, 0.89793026, 0.89993393, 0.9006996, 0.9022299, 0.90434796, 0.9044712, 0.90611804, 0.9061328, 0.9078019, 0.9078019, 0.90843844, 0.9084792, 0.9087155, 0.90927863, 0.9107901, 0.9109824, 0.91319007, 0.9150923, 0.9154993, 0.9157149, 0.9169059, 0.9181224, 0.91902375, 0.92217845, 0.92318875, 0.92500424, 0.9254843, 0.9255335, 0.9257012, 0.92644835, 0.9269457, 0.9274873, 0.92890894, 0.92962235, 0.9305111, 0.9330815, 0.9341318, 0.9343732, 0.93589807, 0.93619263, 0.9366385, 0.9371988, 0.93755466, 0.9380324, 0.9383216, 0.93864673, 0.9389472, 0.9397859, 0.9406298, 0.9406298, 0.9425717, 0.9427452, 0.9433202, 0.9453462, 0.94588566, 0.9474311, 0.9484943, 0.9488879, 0.95078266, 0.9527667, 0.9538759, 0.95471716, 0.95479375, 0.9575664, 0.9630663, 0.96441233, 0.9653388, 0.9657568, 0.97008497, 0.9704118, 0.97062546, 0.9707529, 0.97220355, 0.9739526, 0.9772364, 0.9804063, 0.98337686, 0.9870331]
Level	 C2
 0.7181300520896912	67
[0.013152799, 0.04071266, 0.14562535, 0.22566967, 0.39106587, 0.41306, 0.43359917, 0.44786322, 0.47923774, 0.51717204, 0.54768723, 0.55915487, 0.5960176, 0.6006589, 0.6109371, 0.6193199, 0.6522478, 0.6931799, 0.6931799, 0.6996445, 0.70047414, 0.7059613, 0.71734345, 0.7183061, 0.7189538, 0.719601, 0.72660685, 0.73365474, 0.7466088, 0.7482982, 0.7594809, 0.7632337, 0.77259964, 0.7727274, 0.77334017, 0.7749735, 0.77718663, 0.78086865, 0.79173434, 0.79664046, 0.80442256, 0.8056851, 0.8058215, 0.81001043, 0.81734204, 0.81974787, 0.83802545, 0.84314007, 0.86445284, 0.8704062, 0.87198615, 0.87964076, 0.87964076, 0.8806284, 0.88116, 0.88119525, 0.89033103, 0.8927813, 0.89497435, 0.91453093, 0.91453093, 0.92154413, 0.9268972, 0.93069166, 0.94869596, 0.96846783, 0.9801762]
Level	 C1
 0.7834262251853943	35
[0.30275673, 0.36046934, 0.46534324, 0.5317316, 0.5549235, 0.6279012, 0.6454419, 0.6678565, 0.6776027, 0.73291016, 0.75292414, 0.79070973, 0.8003915, 0.8009894, 0.80175155, 0.8090562, 0.80969614, 0.8213074, 0.8331077, 0.83625335, 0.84976983, 0.85407764, 0.8885485, 0.8918206, 0.89973664, 0.914468, 0.92189103, 0.9240527, 0.93682444, 0.9439177, 0.94416076, 0.94575495, 0.9487159, 0.95826995, 0.97478414]
========================================Analysing following parameters
 alpha: 0.6	 beta: 0.4
Not found: 24	[(62, 'supply'), (69, 'interpret'), (71, 'weave'), (95, 'interpret'), (112, 'select'), (154, 'investigate'), (175, 'convert'), (180, 'dye'), (204, 'test'), (208, 'exceed'), (270, 'exceed'), (284, 'bend'), (300, 'convert'), (311, 'concern'), (318, 'select'), (324, 'betray'), (345, 'merit'), (353, 'bias'), (358, 'encounter'), (367, 'bias'), (368, 'influence'), (387, 'identify'), (402, 'influence'), (414, 'identify')]
Level	 B2
 0.7160629034042358	288
[0.00016253248, 0.00017619458, 0.0001782679, 0.0004942493, 0.0005059875, 0.0015906563, 0.003727477, 0.003727477, 0.011246719, 0.029035112, 0.04455763, 0.06406983, 0.078942254, 0.111023426, 0.15331076, 0.15921965, 0.15921965, 0.16434662, 0.18179385, 0.18600766, 0.21415551, 0.22073022, 0.23723377, 0.25694418, 0.27038857, 0.2739775, 0.30883035, 0.3166662, 0.31848535, 0.32050946, 0.3375714, 0.34084693, 0.35185713, 0.3571304, 0.3606605, 0.37733507, 0.40669122, 0.41492963, 0.41568622, 0.41746095, 0.42387024, 0.4681943, 0.47203213, 0.47240412, 0.4781898, 0.50715464, 0.5197867, 0.523482, 0.5245151, 0.52909416, 0.53550875, 0.542771, 0.54755, 0.54876995, 0.54891455, 0.55143696, 0.5565892, 0.5585209, 0.5642563, 0.56693023, 0.5688969, 0.58179235, 0.58573985, 0.5866711, 0.58717567, 0.59024704, 0.59152883, 0.59152883, 0.59443516, 0.5993933, 0.601415, 0.601415, 0.6058971, 0.6060833, 0.6145339, 0.6149495, 0.61553776, 0.615918, 0.6191871, 0.61996084, 0.63190097, 0.6324959, 0.6357541, 0.6388438, 0.6421417, 0.6442526, 0.6457385, 0.6503536, 0.6547239, 0.6601646, 0.6615542, 0.6627053, 0.6656834, 0.66616434, 0.6710151, 0.6792238, 0.68020225, 0.6845934, 0.68618816, 0.6870941, 0.6898078, 0.6942003, 0.695831, 0.69618315, 0.7084352, 0.7143135, 0.72489566, 0.72526586, 0.73550254, 0.7369966, 0.74135184, 0.7488503, 0.7496157, 0.7500324, 0.7559121, 0.75609696, 0.75743216, 0.7607244, 0.7615455, 0.7628184, 0.7662143, 0.76690125, 0.77012414, 0.77519554, 0.77679026, 0.7790153, 0.78163, 0.78474295, 0.78488666, 0.7851572, 0.78582966, 0.78805166, 0.78879607, 0.7890845, 0.78972423, 0.7901231, 0.7911764, 0.7918394, 0.7920389, 0.7924425, 0.79356223, 0.79446304, 0.79669505, 0.8004742, 0.8015058, 0.8018014, 0.8020784, 0.8036697, 0.80628324, 0.808838, 0.81638896, 0.81639016, 0.81830066, 0.8191249, 0.821845, 0.8221763, 0.8224936, 0.8245196, 0.82519716, 0.82558817, 0.82569206, 0.82893217, 0.8312175, 0.8329709, 0.8373981, 0.8374074, 0.83862555, 0.83892614, 0.8392882, 0.84006876, 0.8417363, 0.84410983, 0.84433514, 0.84450924, 0.8459535, 0.8476288, 0.8498114, 0.8545602, 0.8546678, 0.8560363, 0.85899854, 0.8595826, 0.8624702, 0.86337423, 0.86400056, 0.8643448, 0.86611503, 0.8691308, 0.8710281, 0.871606, 0.87331736, 0.8745857, 0.8745857, 0.87706727, 0.87773323, 0.8777981, 0.88379765, 0.88524526, 0.88546866, 0.88546866, 0.8869816, 0.8900769, 0.89011866, 0.8911782, 0.8913419, 0.8919773, 0.8932455, 0.8932787, 0.89398044, 0.89425296, 0.89793026, 0.89993393, 0.9006996, 0.9022299, 0.90434796, 0.9044712, 0.90611804, 0.9061328, 0.9078019, 0.9078019, 0.90843844, 0.9084792, 0.9087155, 0.90927863, 0.9107901, 0.9109824, 0.91319007, 0.9150923, 0.9154993, 0.9157149, 0.9169059, 0.9181224, 0.91902375, 0.92217845, 0.92318875, 0.92500424, 0.9254843, 0.9255335, 0.9257012, 0.92644835, 0.9269457, 0.9274873, 0.92890894, 0.92962235, 0.9305111, 0.9330815, 0.9341318, 0.9343732, 0.93589807, 0.93619263, 0.9366385, 0.9371988, 0.93755466, 0.9380324, 0.9383216, 0.93864673, 0.9389472, 0.9397859, 0.9406298, 0.9406298, 0.9425717, 0.9427452, 0.9433202, 0.9453462, 0.94588566, 0.9474311, 0.9484943, 0.9488879, 0.95078266, 0.9527667, 0.9538759, 0.95471716, 0.95479375, 0.9575664, 0.9630663, 0.96441233, 0.9653388, 0.9657568, 0.97008497, 0.9704118, 0.97062546, 0.9707529, 0.97220355, 0.9739526, 0.9772364, 0.9804063, 0.98337686, 0.9870331]
Level	 C2
 0.7181300520896912	67
[0.013152799, 0.04071266, 0.14562535, 0.22566967, 0.39106587, 0.41306, 0.43359917, 0.44786322, 0.47923774, 0.51717204, 0.54768723, 0.55915487, 0.5960176, 0.6006589, 0.6109371, 0.6193199, 0.6522478, 0.6931799, 0.6931799, 0.6996445, 0.70047414, 0.7059613, 0.71734345, 0.7183061, 0.7189538, 0.719601, 0.72660685, 0.73365474, 0.7466088, 0.7482982, 0.7594809, 0.7632337, 0.77259964, 0.7727274, 0.77334017, 0.7749735, 0.77718663, 0.78086865, 0.79173434, 0.79664046, 0.80442256, 0.8056851, 0.8058215, 0.81001043, 0.81734204, 0.81974787, 0.83802545, 0.84314007, 0.86445284, 0.8704062, 0.87198615, 0.87964076, 0.87964076, 0.8806284, 0.88116, 0.88119525, 0.89033103, 0.8927813, 0.89497435, 0.91453093, 0.91453093, 0.92154413, 0.9268972, 0.93069166, 0.94869596, 0.96846783, 0.9801762]
Level	 C1
 0.7834262251853943	35
[0.30275673, 0.36046934, 0.46534324, 0.5317316, 0.5549235, 0.6279012, 0.6454419, 0.6678565, 0.6776027, 0.73291016, 0.75292414, 0.79070973, 0.8003915, 0.8009894, 0.80175155, 0.8090562, 0.80969614, 0.8213074, 0.8331077, 0.83625335, 0.84976983, 0.85407764, 0.8885485, 0.8918206, 0.89973664, 0.914468, 0.92189103, 0.9240527, 0.93682444, 0.9439177, 0.94416076, 0.94575495, 0.9487159, 0.95826995, 0.97478414]
========================================Analysing following parameters
 alpha: 0.7	 beta: 0.3
Not found: 24	[(62, 'supply'), (69, 'interpret'), (71, 'weave'), (95, 'interpret'), (112, 'select'), (154, 'investigate'), (175, 'convert'), (180, 'dye'), (204, 'test'), (208, 'exceed'), (270, 'exceed'), (284, 'bend'), (300, 'convert'), (311, 'concern'), (318, 'select'), (324, 'betray'), (345, 'merit'), (353, 'bias'), (358, 'encounter'), (367, 'bias'), (368, 'influence'), (387, 'identify'), (402, 'influence'), (414, 'identify')]
Level	 B2
 0.7160629034042358	288
[0.00016253248, 0.00017619458, 0.0001782679, 0.0004942493, 0.0005059875, 0.0015906563, 0.003727477, 0.003727477, 0.011246719, 0.029035112, 0.04455763, 0.06406983, 0.078942254, 0.111023426, 0.15331076, 0.15921965, 0.15921965, 0.16434662, 0.18179385, 0.18600766, 0.21415551, 0.22073022, 0.23723377, 0.25694418, 0.27038857, 0.2739775, 0.30883035, 0.3166662, 0.31848535, 0.32050946, 0.3375714, 0.34084693, 0.35185713, 0.3571304, 0.3606605, 0.37733507, 0.40669122, 0.41492963, 0.41568622, 0.41746095, 0.42387024, 0.4681943, 0.47203213, 0.47240412, 0.4781898, 0.50715464, 0.5197867, 0.523482, 0.5245151, 0.52909416, 0.53550875, 0.542771, 0.54755, 0.54876995, 0.54891455, 0.55143696, 0.5565892, 0.5585209, 0.5642563, 0.56693023, 0.5688969, 0.58179235, 0.58573985, 0.5866711, 0.58717567, 0.59024704, 0.59152883, 0.59152883, 0.59443516, 0.5993933, 0.601415, 0.601415, 0.6058971, 0.6060833, 0.6145339, 0.6149495, 0.61553776, 0.615918, 0.6191871, 0.61996084, 0.63190097, 0.6324959, 0.6357541, 0.6388438, 0.6421417, 0.6442526, 0.6457385, 0.6503536, 0.6547239, 0.6601646, 0.6615542, 0.6627053, 0.6656834, 0.66616434, 0.6710151, 0.6792238, 0.68020225, 0.6845934, 0.68618816, 0.6870941, 0.6898078, 0.6942003, 0.695831, 0.69618315, 0.7084352, 0.7143135, 0.72489566, 0.72526586, 0.73550254, 0.7369966, 0.74135184, 0.7488503, 0.7496157, 0.7500324, 0.7559121, 0.75609696, 0.75743216, 0.7607244, 0.7615455, 0.7628184, 0.7662143, 0.76690125, 0.77012414, 0.77519554, 0.77679026, 0.7790153, 0.78163, 0.78474295, 0.78488666, 0.7851572, 0.78582966, 0.78805166, 0.78879607, 0.7890845, 0.78972423, 0.7901231, 0.7911764, 0.7918394, 0.7920389, 0.7924425, 0.79356223, 0.79446304, 0.79669505, 0.8004742, 0.8015058, 0.8018014, 0.8020784, 0.8036697, 0.80628324, 0.808838, 0.81638896, 0.81639016, 0.81830066, 0.8191249, 0.821845, 0.8221763, 0.8224936, 0.8245196, 0.82519716, 0.82558817, 0.82569206, 0.82893217, 0.8312175, 0.8329709, 0.8373981, 0.8374074, 0.83862555, 0.83892614, 0.8392882, 0.84006876, 0.8417363, 0.84410983, 0.84433514, 0.84450924, 0.8459535, 0.8476288, 0.8498114, 0.8545602, 0.8546678, 0.8560363, 0.85899854, 0.8595826, 0.8624702, 0.86337423, 0.86400056, 0.8643448, 0.86611503, 0.8691308, 0.8710281, 0.871606, 0.87331736, 0.8745857, 0.8745857, 0.87706727, 0.87773323, 0.8777981, 0.88379765, 0.88524526, 0.88546866, 0.88546866, 0.8869816, 0.8900769, 0.89011866, 0.8911782, 0.8913419, 0.8919773, 0.8932455, 0.8932787, 0.89398044, 0.89425296, 0.89793026, 0.89993393, 0.9006996, 0.9022299, 0.90434796, 0.9044712, 0.90611804, 0.9061328, 0.9078019, 0.9078019, 0.90843844, 0.9084792, 0.9087155, 0.90927863, 0.9107901, 0.9109824, 0.91319007, 0.9150923, 0.9154993, 0.9157149, 0.9169059, 0.9181224, 0.91902375, 0.92217845, 0.92318875, 0.92500424, 0.9254843, 0.9255335, 0.9257012, 0.92644835, 0.9269457, 0.9274873, 0.92890894, 0.92962235, 0.9305111, 0.9330815, 0.9341318, 0.9343732, 0.93589807, 0.93619263, 0.9366385, 0.9371988, 0.93755466, 0.9380324, 0.9383216, 0.93864673, 0.9389472, 0.9397859, 0.9406298, 0.9406298, 0.9425717, 0.9427452, 0.9433202, 0.9453462, 0.94588566, 0.9474311, 0.9484943, 0.9488879, 0.95078266, 0.9527667, 0.9538759, 0.95471716, 0.95479375, 0.9575664, 0.9630663, 0.96441233, 0.9653388, 0.9657568, 0.97008497, 0.9704118, 0.97062546, 0.9707529, 0.97220355, 0.9739526, 0.9772364, 0.9804063, 0.98337686, 0.9870331]
Level	 C2
 0.7181300520896912	67
[0.013152799, 0.04071266, 0.14562535, 0.22566967, 0.39106587, 0.41306, 0.43359917, 0.44786322, 0.47923774, 0.51717204, 0.54768723, 0.55915487, 0.5960176, 0.6006589, 0.6109371, 0.6193199, 0.6522478, 0.6931799, 0.6931799, 0.6996445, 0.70047414, 0.7059613, 0.71734345, 0.7183061, 0.7189538, 0.719601, 0.72660685, 0.73365474, 0.7466088, 0.7482982, 0.7594809, 0.7632337, 0.77259964, 0.7727274, 0.77334017, 0.7749735, 0.77718663, 0.78086865, 0.79173434, 0.79664046, 0.80442256, 0.8056851, 0.8058215, 0.81001043, 0.81734204, 0.81974787, 0.83802545, 0.84314007, 0.86445284, 0.8704062, 0.87198615, 0.87964076, 0.87964076, 0.8806284, 0.88116, 0.88119525, 0.89033103, 0.8927813, 0.89497435, 0.91453093, 0.91453093, 0.92154413, 0.9268972, 0.93069166, 0.94869596, 0.96846783, 0.9801762]
Level	 C1
 0.7834262251853943	35
[0.30275673, 0.36046934, 0.46534324, 0.5317316, 0.5549235, 0.6279012, 0.6454419, 0.6678565, 0.6776027, 0.73291016, 0.75292414, 0.79070973, 0.8003915, 0.8009894, 0.80175155, 0.8090562, 0.80969614, 0.8213074, 0.8331077, 0.83625335, 0.84976983, 0.85407764, 0.8885485, 0.8918206, 0.89973664, 0.914468, 0.92189103, 0.9240527, 0.93682444, 0.9439177, 0.94416076, 0.94575495, 0.9487159, 0.95826995, 0.97478414]
========================================Analysing following parameters
 alpha: 0.8	 beta: 0.2
Not found: 24	[(62, 'supply'), (69, 'interpret'), (71, 'weave'), (95, 'interpret'), (112, 'select'), (154, 'investigate'), (175, 'convert'), (180, 'dye'), (204, 'test'), (208, 'exceed'), (270, 'exceed'), (284, 'bend'), (300, 'convert'), (311, 'concern'), (318, 'select'), (324, 'betray'), (345, 'merit'), (353, 'bias'), (358, 'encounter'), (367, 'bias'), (368, 'influence'), (387, 'identify'), (402, 'influence'), (414, 'identify')]
Level	 B2
 0.7160629034042358	288
[0.00016253248, 0.00017619458, 0.0001782679, 0.0004942493, 0.0005059875, 0.0015906563, 0.003727477, 0.003727477, 0.011246719, 0.029035112, 0.04455763, 0.06406983, 0.078942254, 0.111023426, 0.15331076, 0.15921965, 0.15921965, 0.16434662, 0.18179385, 0.18600766, 0.21415551, 0.22073022, 0.23723377, 0.25694418, 0.27038857, 0.2739775, 0.30883035, 0.3166662, 0.31848535, 0.32050946, 0.3375714, 0.34084693, 0.35185713, 0.3571304, 0.3606605, 0.37733507, 0.40669122, 0.41492963, 0.41568622, 0.41746095, 0.42387024, 0.4681943, 0.47203213, 0.47240412, 0.4781898, 0.50715464, 0.5197867, 0.523482, 0.5245151, 0.52909416, 0.53550875, 0.542771, 0.54755, 0.54876995, 0.54891455, 0.55143696, 0.5565892, 0.5585209, 0.5642563, 0.56693023, 0.5688969, 0.58179235, 0.58573985, 0.5866711, 0.58717567, 0.59024704, 0.59152883, 0.59152883, 0.59443516, 0.5993933, 0.601415, 0.601415, 0.6058971, 0.6060833, 0.6145339, 0.6149495, 0.61553776, 0.615918, 0.6191871, 0.61996084, 0.63190097, 0.6324959, 0.6357541, 0.6388438, 0.6421417, 0.6442526, 0.6457385, 0.6503536, 0.6547239, 0.6601646, 0.6615542, 0.6627053, 0.6656834, 0.66616434, 0.6710151, 0.6792238, 0.68020225, 0.6845934, 0.68618816, 0.6870941, 0.6898078, 0.6942003, 0.695831, 0.69618315, 0.7084352, 0.7143135, 0.72489566, 0.72526586, 0.73550254, 0.7369966, 0.74135184, 0.7488503, 0.7496157, 0.7500324, 0.7559121, 0.75609696, 0.75743216, 0.7607244, 0.7615455, 0.7628184, 0.7662143, 0.76690125, 0.77012414, 0.77519554, 0.77679026, 0.7790153, 0.78163, 0.78474295, 0.78488666, 0.7851572, 0.78582966, 0.78805166, 0.78879607, 0.7890845, 0.78972423, 0.7901231, 0.7911764, 0.7918394, 0.7920389, 0.7924425, 0.79356223, 0.79446304, 0.79669505, 0.8004742, 0.8015058, 0.8018014, 0.8020784, 0.8036697, 0.80628324, 0.808838, 0.81638896, 0.81639016, 0.81830066, 0.8191249, 0.821845, 0.8221763, 0.8224936, 0.8245196, 0.82519716, 0.82558817, 0.82569206, 0.82893217, 0.8312175, 0.8329709, 0.8373981, 0.8374074, 0.83862555, 0.83892614, 0.8392882, 0.84006876, 0.8417363, 0.84410983, 0.84433514, 0.84450924, 0.8459535, 0.8476288, 0.8498114, 0.8545602, 0.8546678, 0.8560363, 0.85899854, 0.8595826, 0.8624702, 0.86337423, 0.86400056, 0.8643448, 0.86611503, 0.8691308, 0.8710281, 0.871606, 0.87331736, 0.8745857, 0.8745857, 0.87706727, 0.87773323, 0.8777981, 0.88379765, 0.88524526, 0.88546866, 0.88546866, 0.8869816, 0.8900769, 0.89011866, 0.8911782, 0.8913419, 0.8919773, 0.8932455, 0.8932787, 0.89398044, 0.89425296, 0.89793026, 0.89993393, 0.9006996, 0.9022299, 0.90434796, 0.9044712, 0.90611804, 0.9061328, 0.9078019, 0.9078019, 0.90843844, 0.9084792, 0.9087155, 0.90927863, 0.9107901, 0.9109824, 0.91319007, 0.9150923, 0.9154993, 0.9157149, 0.9169059, 0.9181224, 0.91902375, 0.92217845, 0.92318875, 0.92500424, 0.9254843, 0.9255335, 0.9257012, 0.92644835, 0.9269457, 0.9274873, 0.92890894, 0.92962235, 0.9305111, 0.9330815, 0.9341318, 0.9343732, 0.93589807, 0.93619263, 0.9366385, 0.9371988, 0.93755466, 0.9380324, 0.9383216, 0.93864673, 0.9389472, 0.9397859, 0.9406298, 0.9406298, 0.9425717, 0.9427452, 0.9433202, 0.9453462, 0.94588566, 0.9474311, 0.9484943, 0.9488879, 0.95078266, 0.9527667, 0.9538759, 0.95471716, 0.95479375, 0.9575664, 0.9630663, 0.96441233, 0.9653388, 0.9657568, 0.97008497, 0.9704118, 0.97062546, 0.9707529, 0.97220355, 0.9739526, 0.9772364, 0.9804063, 0.98337686, 0.9870331]
Level	 C2
 0.7181300520896912	67
[0.013152799, 0.04071266, 0.14562535, 0.22566967, 0.39106587, 0.41306, 0.43359917, 0.44786322, 0.47923774, 0.51717204, 0.54768723, 0.55915487, 0.5960176, 0.6006589, 0.6109371, 0.6193199, 0.6522478, 0.6931799, 0.6931799, 0.6996445, 0.70047414, 0.7059613, 0.71734345, 0.7183061, 0.7189538, 0.719601, 0.72660685, 0.73365474, 0.7466088, 0.7482982, 0.7594809, 0.7632337, 0.77259964, 0.7727274, 0.77334017, 0.7749735, 0.77718663, 0.78086865, 0.79173434, 0.79664046, 0.80442256, 0.8056851, 0.8058215, 0.81001043, 0.81734204, 0.81974787, 0.83802545, 0.84314007, 0.86445284, 0.8704062, 0.87198615, 0.87964076, 0.87964076, 0.8806284, 0.88116, 0.88119525, 0.89033103, 0.8927813, 0.89497435, 0.91453093, 0.91453093, 0.92154413, 0.9268972, 0.93069166, 0.94869596, 0.96846783, 0.9801762]
Level	 C1
 0.7834262251853943	35
[0.30275673, 0.36046934, 0.46534324, 0.5317316, 0.5549235, 0.6279012, 0.6454419, 0.6678565, 0.6776027, 0.73291016, 0.75292414, 0.79070973, 0.8003915, 0.8009894, 0.80175155, 0.8090562, 0.80969614, 0.8213074, 0.8331077, 0.83625335, 0.84976983, 0.85407764, 0.8885485, 0.8918206, 0.89973664, 0.914468, 0.92189103, 0.9240527, 0.93682444, 0.9439177, 0.94416076, 0.94575495, 0.9487159, 0.95826995, 0.97478414]
========================================